Sets with closest means to true value:

array([100, 101, 102, 103, 103, 105, 106, 107, 108, 109, 110, 111, 112,
       113, 114, 115, 116, 117, 118, 119, 120, 121, 122, 123, 124, 126,
       127, 128, 129, 130, 132, 133, 134, 135, 138, 139, 140, 141, 142,
       143, 145, 146, 147, 149, 150, 151, 152, 153, 154, 158, 159, 161,
       165, 166,  19,  20,  24,  25,  26,  30,  32,  33,  34,  42,  43,
        44,  47,  48,  49,  50,  51,  52,  53,  54,  55,  56,  57,  58,
        60,  61,  62,  63,  64,  65,  66,  67,  68,  69,  70,  71,  72,
        73,  74,  75,  76,  77,  78,  79,  80,  81,  82,  83,  84,  85,
        86,  87,  88,  89,  90,  91,  92,  93,  94,  95,  96,  97,  98,
        99])

Split into subcategories: 


{'reh': array([103, 105, 106, 112, 116, 117, 124, 126, 127, 132, 138, 149,  69,
         72,  76,  77,  82,  85,  86,  87,  88,  90,  91,  94, 102, 103,
        108, 109, 110, 111, 114, 115, 120, 121, 122, 123,  25,  84,  96,
         97,  98,  99]),
 'ree': array([102, 103, 108, 109, 110, 111, 114, 115, 120, 121, 122, 123,  25,
         42,  43,  44,  47,  48,  49,  50,  70,  71,  72,  81,  83,  85,
         86,  87,  91, 102, 103, 108, 109, 110, 111, 114, 115, 120, 121,
        122, 123,  25,  84,  96,  97,  98,  99]),
 'reht': array([106, 116, 117, 126, 127,  51,  56,  57,  62,  70,  71,  77,  82,
         83, 102, 103, 108, 109, 110, 111, 114, 115, 120, 121, 122, 123,
         25,  84,  96,  97,  98,  99]),
 'dvcs': array([100, 101, 102, 103, 103, 105, 106, 107, 108, 109, 110, 111, 112,
        113, 114, 115, 116, 117, 118, 119, 120, 121, 122, 123, 124, 126,
        127, 128, 129, 130, 132, 133, 134, 135, 138, 139, 140, 141, 142,
        143, 145, 146, 147, 149, 150, 151, 152, 153, 154, 158, 159, 161,
        165, 166,  19,  20,  24,  25,  26,  30,  32,  33,  34,  50,  51,
         52,  53,  54,  55,  56,  57,  58,  60,  61,  62,  63,  64,  65,
         66,  67,  68,  69,  70,  71,  72,  73,  74,  75,  76,  77,  78,
         79,  80,  81,  82,  83,  84,  85,  86,  87,  88,  89,  90,  91,
         92,  93,  94,  95,  96,  97,  98,  99, 102, 103, 108, 109, 110,
        111, 114, 115, 120, 121, 122, 123,  25,  84,  96,  97,  98,  99])}
